9088
5781
2881
4069
4593
1425
4207
9477
2717
651
35
2421
5435
6011
759
4233
3337
8824
6747
3670
7268
1841
8175
7621
3273
9799
3379
1384
510
6643
8104
2979
9125
4728
6662
6329
9333
5182
4285
2794
1311
5242
1683
9825
9697
3816
7883
7940
3037
5189
24
457
4532
4175
4306
4123
7869
9362
5597
2268
4139
1733
1265
6158
5967
4890
4740
741
4217
3515
6642
3235
7263
8082
7741
4627
1564
3476
4904
842
9469
306
8222
9710
8200
9374
922
1228
7755
8578
911
9959
7407
891
6106
6685
5239
9366
3973
7392
5637
841
844
1551
5660
5815
4239
2116
4110
2363
1347
5780
6296
4311
1116
8490
1754
2750
7261
3810
9160
1089
5166
1595
7440
1293
6958
5819
6130
222
3000
4859
6967
8710
8706
9966
1758
9713
9039
7272
3339
6871
5356
2824
7368
7922
207
7563
7991
1775
7145
8119
6181
7214
8840
7903
2481
4227
7235
4806
3686
4875
7632
9211
9328
5153
4915
7901
991
6131
4000
8050
5388
4133
4504
7339
3697
817
7436
2758
6453
3354
576
6228
7994
3466
2716
1068
161
2981
9054
8431
7624
3146
4600
8501
7178
80
1703
242
8795
1185
6748
8252
6588
4926
9583
9279
3048
304
358
5814
5042
2561
1696
7560
5618
9549
638
4893
1461
5875
3539
2220
4920
7012
8542
595
1600
5477
314
8151
4497
3846
6128
5868
3871
15
7916
277
5984
2957
7446
2952
4515
8417
7762
8474
3027
8699
3510
3376
7218
5946
5287
677
3351
3261
667
6700
9649
2797
8013
2484
590
4103
5577
5977
3484
5483
8726
4749
353
4822
2378
9493
2413
9060
8309
4689
5743
1753
481
4406
787
2196
2423
4979
3119
1936
5663
9473
2343
4405
2022
5525
3753
9351
5572
1332
6979
9129
582
3298
4526
6094
2197
708
2075
3743
129
1239
8632
5156
955
2091
746
9345
5923
8698
9997
4417
9757
184
6796
6363
9180
2011
1960
6955
2654
4523
8411
7258
9546
176
8416
6047
7061
7195
8444
9785
8354
8264
5292
1104
4296
3964
2504
5924
1846
6528
8194
7781
6218
5607
2688
7792
7067
3819
7815
6742
4856
4521
8877
4371
3945
7491
7185
2999
5394
6784
5054
1987
1803
9978
6205
8689
6709
4485
4531
5392
5719
4232
3996
3060
7496
584
169
6944
8094
8549
4415
3724
887
2642
3639
2830
5099
3099
6835
1808
7457
1115
9936
1568
5876
3642
8759
3257
4146
18
6319
9740
5257
3157
5188
8018
8300
4222
6657
7724
1321
1791
7699
6779
1575
5390
4827
9205
1725
5010
3625
3470
6590
2682
640
4152
7124
8990
3532
4842
3405
1245
614
337
5566
6756
3912
195
873
8631
6383
6844
477
8700
6941
4628
3821
5786
4235
3719
7156
8482
4071
7644
7036
4177
3836
6575
7332
61
8021
6001
7651
629
9377
9309
2222
4307
4972
9657
2228
5430
676
1174
3166
4929
224
8817
4575
6477
9317
4777
8483
235
5826
1596
6735
3239
1671
1449
8283
599
3867
7341
9421
3617
3755
7625
3318
6056
7640
8389
1743
9819
2865
511
8863
8519
3562
4840
8659
8022
8263
9434
6922
2781
3746
423
8744
370
5727
4809
3579
2227
9916
7191
1183
4852
3959
8304
8180
8014
4630
6276
8743
1520
963
193
2445
6194
6288
3714
6884
8313
8679
3652
6310
4020
9820
8634
4668
820
2837
1800
1297
8297
5855
4616
8079
220
6156
1961
4876
908
1100
917
4762
7685
9514
7408
900
2351
4903
4063
7638
8413
368
1594
4591
1443
4816
4937
2574
1984
8377
3149
346
1979
4031
324
3590
9525
752
8462
1542
8170
8001
8884
6919
7383
4971
407
2275
1510
87
2416
2303
5169
1314
4744
1466
7932
7249
7888
6204
5673
9973
5747
2992
4647
6959
2475
9299
3568
468
4120
6150
6377
848
4111
8055
5915
3608
1546
6665
8036
4395
3285
7486
4274
9732
4756
7692
1262
1724
5244
5117
7222
9272
8005
6903
8994
2597
7112
7057
6606
3087
5331
7228
2060
9057
164
515
8093
4408
3953
5971
5167
9696
459
1819
9630
4118
2789
8029
6441
2342
5498
8630
7696
3552
7609
7101
7596
5695
2472
2
9131
9217
7188
5501
4801
3473
4720
1796
8181
494
1327
1721
5705
3778
3868
8646
5085
8171
8140
6072
7114
1124
5591
2085
3425
9016
3889
6364
6448
6987
7768
5335
5455
1056
2299
1874
8004
2594
8041
8851
1878
6812
9610
9505
265
2817
954
8574
2014
3033
9133
7243
8276
1319
6712
7220
420
3541
8742
2620
8629
7479
2206
2256
8562
4808
6874
5264
9413
8241
3155
2226
3708
9659
5409
7301
43
8907
8023
2017
6870
6378
5109
886
9522
737
5024
6978
6794
907
893
2661
5133
5093
1212
8607
2771
9389
9611
8126
989
7598
5687
9456
7059
7679
1569
3277
4454
9280
6202
4694
1707
8956
788
7280
6669
5222
4053
3860
8662
5100
8340
8909
1975
8871
5087
6597
919
366
7110
8139
4894
3744
1716
3064
5522
8477
4151
7850
8378
1658
9042
9822
4692
8429
4811
2309
2441
9365
8160
399
4255
9783
1280
8293
9585
6702
8287
632
4741
37
2652
3219
7780
6458
6336
1857
3567
1586
1047
5370
9537
7711
6583
185
3078
9201
5982
9518
1445
4105
6774
936
3487
5463
7597
8658
1032
1069
2078
517
5535
2667
5684
3940
9731
3116
6093
1734
1911
4659
1492
2347
3092
464
1227
8705
5713
9083
3738
6499
2336
104
8387
6286
2216
7373
8717
6332
6579
6313
58
9468
968
2527
7202
9368
6311
9725
1138
6089
9764
1896
4805
3715
3212
8636
7687
8842
814
1419
7508
2936
3925
2442
1524
2595
4800
2745
7509
9022
1159
2796
8968
4399
4294
156
9297
4367
5918
7967
6836
9831
5075
7008
6012
2868
6783
446
3519
6768
7825
9836
4209
3969
4219
5217
5206
2742
3429
1027
4024
1829
2895
2659
9318
4433
6422
8439
5323
3115
7183
2162
1296
8373
3437
9142
8150
7708
442
5902
7381
1122
5913
4716
9344
1240
6442
7589
3516
1561
3390
8581
6045
4826
1747
2471
6966
4554
7121
7046
7297
5260
8078
7157
9965
205
8512
5638
561
7303
6221
3451
5371
5396
1119
5623
4184
9615
3869
8622
9733
5129
8137
8654
8168
2540
5602
5088
5476
5141
5232
5019
199
3558
9995
8804
7389
6711
4901
4084
7837
9617
1306
7225
3381
2948
3455
7522
4761
6002
939
1252
4612
3997
892
5895
2987
6063
9002
2563
4780
8182
9467
509
807
1813
6682
1832
938
4802
4967
8460
286
8633
9092
3062
3488
6333
7905
1773
5556
2454
7323
5865
8239
1765
4731
354
7149
7811
5317
3962
4305
4677
8424
6831
7647
4256
6562
5223
8289
8933
2828
8734
6219
7884
5216
9766
1108
3231
7517
6197
1749
4933
501
3421
8478
5086
6468
2700
3716
6977
8454
1689
3989
1225
340
4480
9263
3736
6886
492
351
4424
7072
5615
2912
2002
1435
4030
6437
6380
9823
3345
8513
3937
7947
3132
5768
6366
2062
1130
3504
4201
8532
5807
1853
3534
1756
2498
6113
6763
2103
2237
6632
9435
9640
997
9577
621
3330
6801
5419
429
1556
2907
593
7533
8292
3564
7660
9774
8457
7493
6454
9814
4983
6490
8932
7694
4488
8397
2806
1578
7442
6845
240
5341
9227
4086
762
3358
2179
8333
9415
5165
6648
5459
7865
5011
4982
7285
7921
7416
9354
9252
7980
9426
7873
5899
9278
2277
1513
895
8719
4864
3965
6879
5146
7422
2386
5627
3264
9545
1763
8323
1477
7189
8303
8883
910
7217
9702
7123
7580
6614
3159
889
583
5828
4529
3124
2482
6317
7567
4467
6292
7526
5098
7545
5701
7350
9748
7610
981
4475
4332
8087
716
1762
3361
6548
2973
8730
6733
9507
1360
3341
5604
4947
5882
1887
7463
2968
1308
8966
6003
5829
6090
6646
6036
1604
8765
2301
1955
3220
9718
3887
5678
1205
5965
9231
6404
4223
9879
5813
7665
3741
7743
2583
1809
7455
4119
1330
3498
8850
6285
7622
888
6260
2276
2468
7385
4253
1418
3657
2316
3365
6638
781
607
437
5480
9992
78
3293
4584
8509
2548
1356
1286
1186
9605
3134
7360
9275
238
6241
3244
8446
5859
9547
401
6418
1196
8671
1580
4887
654
9964
7821
2857
9197
1576
3412
2613
6866
530
5258
2804
6508
3173
9326
7992
5122
4017
986
3523
6040
7653
4187
6459
8344
8325
4252
4950
4465
4734
4525
6798
2660
8406
2215
5046
9097
2714
4448
2434
5250
2272
9312
1406
6506
7894
9126
5270
5298
7588
2319
9515
4850
565
4344
5277
3001
1299
8396
4986
5666
753
3260
6868
4082
9436
3016
615
7001
3331
4724
2966
2449
3876
7132
2288
3813
2285
5470
6585
9905
7713
9541
990
227
8390
9485
6403
6384
7989
2909
3263
2951
5729
4333
7076
3934
5540
4280
1880
7344
2664
6431
5703
2287
779
2372
8502
7470
6309
1471
948
8341
1338
5884
6360
5353
7582
2366
4951
9754
3535
8831
7791
5523
475
9634
5773
5343
2191
6115
2839
4162
1145
1789
5788
5685
8155
3467
7531
5892
3481
5620
767
5622
4390
251
5230
9342
9221
747
3939
2370
4621
1400
9513
2506
1037
9915
6816
6265
5433
3856
202
6561
3668
2176
9396
1885
7308
6026
2199
5449
296
7095
7105
2102
7540
636
5366
9502
1248
1660
4998
7909
3797
160
5873
5631
2633
8602
681
2258
3820
7271
4096
6471
5416
2043
362
9597
6770
1310
1467
2657
5136
9187
8627
9433
5586
2259
5536
34
7128
9397
2736
5131
3038
8166
4556
3363
4886
2397
2082
244
3276
7964
6161
7516
147
1290
300
5308
1624
3609
7391
3747
2964
6793
6117
4833
2402
9331
7895
7395
1371
729
7022
2088
212
1769
8553
5279
4199
3439
4861
2104
6446
2692
4838
3781
98
5709
6905
2623
755
2889
4585
3170
444
6952
2400
6134
155
5240
1554
2090
9179
372
8872
6367
3773
3761
5600
8830
1784
3205
3739
9535
310
9158
1348
4652
9123
6225
6393
1751
1662
520
6179
9894
3575
935
4130
7635
6243
7833
6544
5912
556
1526
5468
7955
373
2443
8310
6401
1965
7783
778
6574
934
822
832
2746
1474
9370
2164
2360
445
6570
1271
4642
8053
6686
2775
6623
7572
7435
6469
352
9276
612
8514
6846
5812
29
1861
26
7968
4266
252
2927
2972
2671
5301
8735
3165
9223
3137
3576
945
2411
8818
6996
9832
6690
5333
791
6788
7163
3828
6731
6398
6990
8815
4914
5460
5790
275
3107
3958
5305
3407
6199
5509
7361
4486
7176
9047
102
3661
1413
8919
902
9938
5426
2884
2065
2778
3721
105
9862
9410
6652
883
3526
2290
572
233
3252
1922
6114
7177
1919
8480
2250
2379
4922
267
6826
5489
837
4560
2630
585
3109
4299
3287
6689
4456
9612
9394
1665
6195
4978
9627
643
9172
8916
4640
4087
2888
2189
6220
7737
7333
1412
5303
7578
7488
2280
3435
5503
5013
8083
3545
9338
3521
8920
4708
6331
4675
9443
5852
909
13
5374
7377
812
9117
2194
3211
1717
2993
5120
68
7309
3501
7683
5173
9516
4745
331
7483
9447
5465
2636
5030
8649
8855
2699
3799
1256
203
8495
5801
7127
2391
7221
6172
1777
7739
6352
7283
824
1869
3076
9843
686
7282
9100
4393
3442
5907
5128
4862
348
5861
9078
3472
7937
7325
417
850
8926
2061
8044
9347
9555
5207
1577
6912
1147
430
6140
9598
2440
3882
675
5888
3804
3436
5656
1230
4995
6212
6947
2598
3333
7682
7019
8714
5028
3446
704
8890
2867
4562
1482
9724
6137
4154
1388
5149
5150
1199
2609
5683
123
8803
236
2551
7026
112
460
4427
8668
5106
6803
7657
3525
794
8898
8663
5187
6501
631
4073
4414
3303
8064
9908
7795
1013
6780
3366
6855
927
8092
95
3233
9048
1048
3169
8130
804
8086
6125
2261
605
8554
9500
5766
6775
3581
8167
9483
6655
4517
2140
549
3547
7703
2984
6376
7984
2916
4710
1170
8305
1134
9446
7447
5944
2136
3045
1528
4747
5770
6891
3140
2903
3502
1312
7372
5645
6176
4491
1825
4557
8143
3540
3396
3850
5983
6757
9173
1656
8904
8746
5121
419
2990
3074
6419
4165
5992
8593
6428
6069
9777
6022
3864
2570
6829
3094
1177
2723
5253
1858
7774
5147
6234
7096
8828
2456
1165
7753
7751
5137
281
3780
3531
4992
1320
3301
624
3178
7877
1563
4981
9052
8880
5297
2755
6859
9166
5733
4726
425
918
9871
5928
141
5110
9226
9554
2493
6602
9581
6005
9095
634
3259
6253
9027
5901
5145
4206
852
5731
2494
3664
8266
4090
4343
5751
4906
8012
5585
294
7838
8284
2038
1156
3512
8811
6414
4141
8084
4278
7164
1249
8198
790
7996
7274
9005
6335
341
7738
3175
6761
9650
1354
4622
8196
957
2332
5908
8027
1349
8275
3518
833
8394
8530
6972
3757
4765
1480
6295
3672
4446
3628
3370
8672
8539
4974
531
5744
9749
1411
9776
6754
4574
7045
6245
744
5113
552
9141
7870
6053
6302
5073
711
9680
6493
9013
6033
5799
3245
3685
1180
9665
3463
9652
1431
5704
9691
3916
836
107
3184
1004
4263
652
8461
9294
2024
7473
2960
3385
345
809
8308
4644
2871
8206
5306
1200
6569
950
7945
6976
2567
2765
8605
880
6856
622
5668
213
8715
9103
1214
1609
6695
387
3991
9405
8260
4282
5029
5181
4841
6908
5878
2766
617
8551
3717
9185
8541
1121
4845
6594
5737
3454
2710
9262
6227
2601
7591
1257
5750
1103
5077
9216
3663
2977
7754
4327
375
3852
7434
7534
3900
6259
2031
1366
6074
4391
8073
158
5581
1738
898
7224
424
5834
1269
6980
9497
1680
4715
2825
2073
7633
109
5072
3952
2437
4639
8148
9085
6207
2006
1101
10
9214
7450
9623
8295
1845
7492
1977
1632
4304
2914
8620
5609
480
8408
4729
2932
246
3589
5347
5245
7130
2788
5105
740
8445
5632
8224
4851
2969
5425
9813
1799
591
7720
326
3130
7314
3222
8472
6586
4687
7131
6489
7232
6049
4843
7931
7167
7203
496
9566
528
7160
9633
4542
4482
1457
4713
2058
1998
2497
8156
9751
4196
7270
7936
499
7843
1389
4535
9163
865
8002
7966
9306
6516
7304
6066
8779
2458
658
6549
8973
5313
9414
3015
4636
239
7652
3236
9642
6467
1204
7409
4595
2995
3207
4664
1535
7251
858
5262
6400
2367
2064
810
1176
3509
3694
3951
1806
465
9442
9705
5669
2175
9575
2534
773
7707
3551
3659
369
7701
9245
2855
99
870
7920
9193
7021
6534
3605
6755
9086
929
3154
3596
2928
4753
4258
1151
1964
5036
8209
5401
70
4721
8708
1364
350
4836
5193
371
8015
5524
5674
4855
5935
6896
3676
8767
8641
3327
7403
9715
7524
9578
4952
5442
4605
2784
7365
1469
9494
5720
8400
8237
6607
2109
7566
5558
9737
1617
8069
338
3508
8385
2819
9972
2926
7397
4340
4272
9720
3380
8436
3111
9000
8146
6617
9586
8902
3346
980
9190
3679
2328
8944
5624
4489
5089
1438
7605
5534
3745
8960
2390
7655
4212
3161
4931
5677
1682
3283
7956
3022
5514
558
506
1002
381
9639
6693
6055
1172
5314
8943
6201
2106
8384
5312
400
7902
5539
7239
1710
9112
884
2552
9881
9901
5273
8187
7315
4070
2300
1923
748
3528
6904
467
6554
3963
229
1937
7370
9383
8900
9990
5221
3533
2963
5707
2549
6612
751
6482
1883
5184
514
5877
9791
7126
7364
5809
7186
1843
9873
5650
3706
9195
8643
5825
9464
5544
2180
949
2271
9558
2582
1149
3915
4702
9015
5919
2396
8147
2541
8466
9335
6822
3530
3957
3100
2354
8496
1670
7988
2009
8418
5397
188
5648
8777
171
4589
6294
4669
8229
3693
8359
8778
4158
3206
5439
3770
4336
1574
1505
7648
6433
7557
177
2586
116
5565
3413
940
2812
2433
721
5080
5278
4083
5686
4977
9904
1238
9403
6589
7430
8225
3626
7841
8230
7081
9648
6408
209
1399
198
6274
557
9282
6340
2677
8244
9884
4464
5290
3079
4854
5139
2212
4484
3460
1020
8527
4006
3917
1681
3710
9753
1839
2459
2913
6406
1113
6852
6769
6232
4183
8635
4956
5529
8810
221
6946
4510
4214
6127
7907
9989
9293
3619
7439
218
3097
5134
1493
1287
8415
3635
3240
2627
5969
4683
6968
8299
4576
9756
577
7725
1243
6064
9302
4262
6210
293
1877
570
8911
7823
994
8115
2448
6619
4512
1420
2083
7808
1261
3274
1301
3202
5200
7911
9768
8843
3477
1346
2460
8047
9574
8825
2967
4872
3646
4650
4198
335
1462
2214
5688
2325
4918
6641
3289
1503
9059
3322
9358
768
603
2798
6147
2324
9137
1378
1932
4072
659
9136
7014
9833
7973
4007
9910
8763
5730
8784
7355
2374
7075
3990
1892
1334
9156
6889
8240
2358
3574
4667
5657
7541
5764
731
555
663
7859
9644
3495
8788
9300
9619
4540
626
1485
6848
2559
7468
7335
973
4934
4127
7275
1621
6100
7466
8838
4277
4752
2770
3014
8697
9058
7954
735
9322
3191
8186
6613
1692
8164
7269
4735
2418
9104
2756
3269
1649
8555
1659
5451
3687
9510
7366
2185
5879
9499
6088
3791
9778
1446
9897
5369
2253
9772
9150
3246
5584
4251
258
4474
9882
7890
55
9694
5562
4825
4459
5160
6994
8755
6381
8065
7415
9400
6539
9568
3935
3121
1373
1370
2124
377
5130
6830
6841
5530
5339
5043
9524
73
7547
4203
6291
1821
8141
9124
328
5126
8105
2521
7579
9254
8317
9891
7135
1705
1112
8122
8545
3281
4418
1336
9893
3709
1175
1945
3070
2832
9666
6714
3403
2132
673
770
9920
4014
4260
5417
8585
8007
7718
9327
9933
3329
9569
8395
6322
7028
566
8178
3210
7094
9572
5563
4648
7238
4319
1614
4895
3323
8342
1478
8335
6043
8210
5800
8772
7776
707
8957
4990
9008
2854
2678
5761
2094
8760
1318
9457
9530
3643
4919
5197
6660
1914
1302
5953
5065
4182
2408
8790
162
4757
2785
7760
3443
6749
1423
5379
8518
9105
5226
3649
8247
8040
2975
4968
4353
1141
1917
7376
2340
279
1281
551
9853
8255
1242
3248
3430
7055
2982
4928
405
4140
1732
3943
1125
6906
7757
4632
3183
4673
8081
6644
8861
7985
7861
3352
48
4364
3326
8489
1814
6862
2941
3163
3171
864
1850
8271
3522
5432
8161
8546
1968
7675
2762
1114
7773
3783
3834
6500
8011
642
1046
1746
8019
3440
3699
114
2158
5344
2772
8576
1573
8757
3090
8796
9708
9343
4678
5034
4375
6065
8221
5921
86
192
1835
8131
5473
9029
8645
9976
4568
3373
6651
7472
3928
4200
4363
3122
9074
7278
4997
5296
7414
2841
7013
4016
544
8761
8934
7663
828
3364
6777
1229
1993
379
3911
3046
9866
8177
8573
6523
3180
2447
8296
3025
5554
2243
7943
3142
8039
6101
4993
2052
2373
6050
5471
5617
7942
7778
2337
4769
7745
7972
1458
9255
3536
843
491
3921
8154
8981
4760
1982
920
9531
795
6670
4866
1820
5987
5198
9767
3569
764
2719
7602
1430
6529
1367
8976
5595
4098
8331
5531
1192
8067
9321
6781
3894
9693
4817
6730
6372
1697
9234
2791
7023
7822
7748
1333
2323
2866
9360
9408
343
4048
8762
7839
8623
5964
3640
3426
847
7626
7880
3942
7848
9986
6697
3160
3028
4799
2229
1393
6524
2749
7190
3776
5081
3496
5559
119
3583
4401
4461
8253
2190
3667
8644
7499
7797
6530
1374
923
4790
6111
9250
8124
2776
8243
8979
8616
103
1433
5044
855
586
6887
4792
518
8487
7594
1694
2384
7958
3787
7064
4714
9765
1220
5867
4927
5718
5693
527
2473
8456
3088
6699
6527
2807
17
4566
1015
3835
3611
2899
3629
7734
9036
9983
2344
2121
6323
8392
3181
6989
9960
7750
9463
2122
1394
5903
7537
9139
613
4611
3786
5491
679
4638
7867
8992
7863
2864
4701
2318
4254
7899
8302
1001
694
9810
6541
9663
5321
3406
434
6805
1823
3666
3732
82
5640
4192
8307
1943
7965
3610
8741
4290
9919
3359
9409
2314
8207
9550
1723
2393
7353
1797
4166
1065
1938
7611
2564
2958
5161
6629
5846
6379
6496
3103
5009
4411
5820
4398
2893
5833
7223
710
5749
4703
4457
6930
259
4318
9527
3113
1071
6925
5048
3822
8326
5549
1250
956
2505
4309
4828
7004
7654
9049
8612
7011
6314
6344
3812
878
9419
2407
1173
6750
361
8626
3360
2621
5664
2155
4910
7216
8205
2307
745
3147
9991
2269
1309
4889
1727
483
960
9431
8912
2262
1428
6948
3479
1547
1429
7564
4027
1011
7819
9177
7490
85
1017
9699
9553
3560
8569
6084
722
3316
9786
7674
1396
9797
8977
4970
3195
455
3389
2118
2389
9452
6343
8356
1785
1329
2607
9771
9911
7421
7419
6911
4161
9536
8669
4719
2720
712
7487
871
7794
5974
6357
5710
4487
9065
8775
5453
5732
4407
6067
2523
1644
7295
1590
4435
6280
7175
1867
5863
7714
7318
3065
9927
9604
4781
1055
1742
3321
5548
3299
9895
4966
1674
8823
775
9970
8430
1647
8963
4870
4996
6839
3486
2509
4289
2645
9304
1678
1353
2077
1531
7469
6052
4287
2885
113
6692
9898
4153
1849
2362
7998
2715
6346
8589
9803
4544
3983
7643
5238
3542
9379
8169
4795
9924
5555
8892
7340
5818
6345
8000
8280
149
5968
3056
8678
4494
4159
5616
4308
3817
5889
2352
7200
3886
967
2706
5499
7358
5490
5091
4472
512
5354
9944
9051
5268
1996
4649
758
1064
4348
7209
5590
8102
4349
2346
6019
7664
7316
1559
7390
257
7103
9672
4329
7892
4462
1552
9746
3554
4958
9388
7500
6649
6135
2427
8220
2076
2732
1949
6304
8686
8116
6136
5227
5254
2560
3847
3767
4354
6375
4047
3830
4537
3225
9387
2350
8798
1745
1941
9602
2056
928
4888
152
7661
9925
8101
8893
9752
9075
9149
8625
1270
6475
563
6439
4102
2040
9398
6283
2953
2055
2483
5538
2218
3573
3332
8799
6580
8787
9122
2265
3631
6587
2063
5281
3550
7803
8066
2003
8887
3242
7747
7543
7089
7840
8690
7827
9307
4171
6110
4844
5361
734
9181
8914
5760
3733
8347
9303
2359
4079
7049
3148
9900
6124
8827
3548
7180
3384
575
2921
9996
2426
7305
5532
3842
3621
5771
435
3469
7628
2201
4768
2409
2302
6211
1224
3193
7970
3198
5957
4297
7302
9381
2689
7662
505
8888
8422
3391
466
1152
313
1735
4041
8754
8854
3077
8157
7236
5521
9716
1757
5779
4646
7590
1090
998
2274
7006
3344
1907
4226
8745
6086
4483
2591
5400
1289
8544
5993
2847
3511
6174
2580
4509
6159
1264
8853
6943
7294
197
660
9698
7092
580
2184
5712
97
1029
526
4093
3529
2555
1501
7398
9595
8089
9849
172
9517
7618
1171
4064
7732
5551
6413
4466
3538
3362
2606
8428
4315
5574
6368
5208
4549
6823
7729
9589
942
2698
6251
5056
7813
6945
3904
5589
3247
5560
6010
7063
9845
2557
4688
6521
6513
8471
3151
2680
8899
5475
4882
1663
9875
2095
1426
1459
6429
5821
9935
7449
8793
8908
2057
2740
4907
6601
2822
5060
9038
6584
6741
5467
1397
5578
9301
7918
567
9730
9286
6806
3805
5174
8886
8165
9257
5132
1190
9903
6701
7338
5307
730
6060
4310
5844
3292
3471
5055
912
8786
2728
7879
542
6460
6175
5603
6875
3250
4386
5427
7810
5235
4361
8958
4221
76
2315
2311
8352
8594
8526
1283
2733
5592
7120
1868
8801
386
2294
6550
9509
6916
4881
6342
978
728
9858
8614
2068
8508
7676
6546
6694
8364
6965
8923
1498
9763
2638
2023
1836
5887
6230
9024
9951
3833
616
4985
7438
215
1537
9453
6935
9709
2693
9033
5155
7854
5934
1718
2281
3141
2284
8370
8894
9789
3967
3052
2949
4963
5071
380
1018
3461
3447
4402
7736
7669
6165
2879
5843
3497
4345
2387
8552
8857
3282
738
2528
1236
3806
6087
3855
2769
1583
20
4858
620
4604
5033
5322
4432
8113
7009
2643
6954
5874
3926
610
2683
1639
5008
4955
1606
9837
3712
456
2135
8133
7086
7165
9726
2478
2371
7650
6885
3304
9438
6647
1181
299
8915
6956
6792
4513
2230
8729
1057
7715
2511
1544
6157
7363
7248
7802
5405
3453
7876
6289
2923
4248
9020
780
4961
6762
9247
3641
6192
8822
7538
7528
9582
6882
5927
839
9616
1651
5655
1545
4347
3034
2724
2444
1120
8037
2704
525
8917
7554
5567
2920
7034
5611
1792
1570
6169
45
4195
2018
4078
6726
5995
4265
9532
1641
6142
4292
33
3433
9395
8098
7210
7343
914
1787
4624
692
4629
7680
170
7311
6809
8747
975
8407
8721
2980
6981
1447
4194
3941
479
7939
6407
2754
5774
2944
1167
588
2159
2142
9809
1077
9491
1401
9006
3136
1954
9159
3499
1518
8598
9441
6466
9975
696
6129
649
6609
569
2852
5634
861
3737
9625
3586
1629
3054
725
5980
9310
4821
2779
8582
9399
7593
2539
8928
1794
6504
7898
8561
2846
436
5248
2934
5014
1358
6105
8188
2573
1387
1851
3462
4403
4530
5755
5035
3126
6791
5646
7100
2490
1990
4725
7767
9584
6802
291
9168
7266
2425
3348
522
699
9072
1605
5699
4216
6320
4555
4892
8584
6676
1160
6537
2581
2048
7467
7267
8504
1833
6447
5332
8523
4193
1043
4436
5346
2113
211
6497
4559
6042
332
1708
151
3898
8833
2915
6423
1673
413
7777
3416
5775
5696
8127
1741
2195
8184
3772
1317
7448
5508
7230
7030
8383
1451
6235
8306
7658
4215
8376
2858
2032
9295
6565
7982
3865
5458
5377
4908
4145
3582
9539
4511
7731
5550
1817
9827
2743
2545
9023
1024
4921
4275
5619
187
516
179
6767
22
2901
1009
4481
7552
7172
2751
5528
7878
5784
5893
9009
3168
3885
9839
6154
2382
8929
6824
8291
4173
140
2653
2020
40
181
2329
10000
7763
717
8192
217
9107
3764
771
8452
6421
2054
8103
3342
3630
2160
8771
7677
8674
4818
7219
3634
6184
2673
8358
3555
2675
2385
851
9646
7159
3058
4662
412
7015
8123
8179
5386
3050
9906
672
8195
6654
875
5410
9660
7900
2192
1041
1631
4514
8764
7933
7824
3792
5387
6030
7667
5485
7139
3789
4288
4316
2872
2701
4191
8875
2327
7035
5950
8235
52
8820
8404
6819
6081
6511
3375
290
4617
5479
1233
5026
4444
8560
8692
7962
3105
2156
9706
8800
8285
7451
6328
3936
5552
7201
298
5380
1263
1934
7144
6926
4384
3669
2084
2231
3729
4878
1131
5827
1534
3968
1972
6491
9174
9091
6811
4204
4301
966
3688
9734
7925
1636
1811
9281
8228
7979
7113
2087
7161
9686
6171
9014
2516
4578
5690
9678
4946
7627
952
9256
9266
6888
2579
7744
8998
6479
5798
6006
7231
1748
7733
7995
835
1258
8595
550
2840
9454
2818
3072
4245
4830
4051
3314
8349
6681
4324
965
3404
9270
3431
7642
8660
3517
1390
6837
5741
9070
5546
2376
175
9689
9821
7887
7143
546
6440
9784
8366
9196
9215
3270
6249
6048
5360
9109
8794
6578
2892
2616
5929
1363
8114
6902
9655
524
8611
7069
8768
5373
1094
7208
2273
3563
8469
8450
8409
6502
3278
2241
706
7140
1391
9887
941
6776
271
5138
5639
3432
3003
3427
4645
2186
9183
5667
6182
1690
1931
47
8441
2708
4607
1906
4945
8223
5796
9864
3507
5053
5745
9692
4785
1497
9199
245
4884
4680
9167
1909
1686
2725
1025
321
4439
720
1253
9902
8859
7080
2153
4550
5689
1003
8202
5045
9980
560
8467
6827
7106
8108
3999
9967
8262
8728
6893
2345
6450
3803
8975
1456
4317
3897
1924
7286
5520
2114
8789
6739
2890
2465
4709
2651
7604
1142
1084
9570
8931
1019
4104
4503
4774
4789
4356
1294
7515
5862
9701
2985
1487
2662
6680
3387
2602
5283
774
8505
3428
484
2515
5575
3798
594
2394
2130
1837
204
3029
9674
7868
5601
8758
7038
2665
2417
7536
9861
1698
3503
1144
5605
4787
6073
9098
6538
1135
6254
3490
4696
669
1612
3557
3638
63
5811
3459
6009
448
305
2976
9114
9412
4786
8249
3153
9450
9151
9339
1973
8265
4352
2108
9350
9711
1074
5474
6850
7465
1208
7858
8814
4783
8353
1712
2896
6863
8214
3678
5621
4440
8470
1111
7981
1350
183
3859
5159
7786
2503
7872
9695
49
9188
9626
4722
9164
2305
4241
6152
4013
5015
6973
3296
9872
6085
988
4820
5243
6857
8380
5630
9077
6736
4924
9506
3614
4369
8628
131
656
9218
2590
7042
2850
6275
4249
8621
7826
4534
5860
4240
7431
2543
7351
9285
8769
1657
6361
3756
3618
7634
627
3456
6974
4546
7379
9489
9157
3135
6920
3382
6196
6677
3674
4626
5614
6272
1532
1886
7443
3765
4009
6828
9624
574
4247
3615
6618
866
4021
6991
2614
697
958
487
4847
5905
3920
8711
2707
8996
2810
9176
4848
1129
4863
1051
1512
1049
1541
7521
1189
7321
3735
7307
5700
38
2414
8821
8839
2635
3123
793
6817
6939
7785
3972
6264
4355
6625
5393
6598
2537
1627
6268
1452
1555
5898
256
1028
5327
9364
5643
7082
8942
7645
7196
5337
9476
6807
3585
89
5691
7162
7849
8703
4366
5224
7037
2210
5880
3319
4743
7441
7697
4831
1398
5255
2517
2994
1816
8832
7881
5679
2205
1202
421
9852
7281
1012
2518
5930
4597
8982
4686
4681
521
2584
2996
6143
1873
6004
2348
9587
1432
6951
2152
4341
2730
3947
4518
8707
2575
5911
1382
4378
7322
1761
9794
7117
9930
6369
1483
6120
8095
1795
995
4144
1655
9081
3265
7371
664
1521
5742
1840
5495
8835
9669
8144
1779
6666
8484
8534
356
7612
9121
4
7599
538
8153
1991
9407
1539
9773
3039
6878
6092
5213
4940
8986
120
5694
9798
4028
9423
2904
3690
5318
7417
1386
3537
5195
2028
1494
3838
5606
8258
9298
9269
6840
7583
6104
9430
2780
6592
8591
1154
8903
4388
9712
3084
5842
6914
1672
5500
4046
9192
8329
7600
8866
4011
1476
6512
868
1623
2270
9601
2404
6226
5757
408
8529
3601
1421
2126
2938
7788
1944
4824
5211
3494
6155
1706
3286
6233
9865
5079
8273
9186
3197
9041
7670
5328
4658
2703
1295
9209
6244
3561
8498
5484
1824
9390
6522
32
8874
8034
3908
5675
7454
713
3419
1441
4094
1997
8493
8491
8673
7312
4528
611
9613
4250
69
5853
9606
5481
7793
9599
7489
4565
4989
2019
5661
2173
1525
3853
7497
5931
4360
8336
8272
4176
9204
8136
223
6993
9817
4949
8052
8538
5324
646
1231
4788
6246
4243
133
3632
1076
3866
8334
7886
4860
2741
7915
9950
7603
4143
7553
8350
6297
6773
2735
2115
6567
2012
4711
6062
6520
8897
9064
685
9096
122
1669
8438
7277
4815
609
8655
7558
3807
504
2149
3884
8567
7146
2297
8846
628
6395
3955
7836
8049
7331
1006
5542
1915
145
8615
9154
7511
7874
8873
7842
168
9182
830
1267
9969
6257
5610
6540
9641
4598
329
7215
4060
4359
9704
6370
9923
2891
6488
644
984
6743
7352
7420
2141
2008
6671
8566
2187
3933
5738
9592
2666
7053
7229
1081
4527
9108
2687
9540
6759
5487
702
5791
1223
9523
8536
9237
6725
3190
4917
7831
3800
7673
985
7814
9018
8437
684
6667
8953
2625
3700
8106
4603
5241
266
1383
398
6720
2577
1066
8107
4059
2860
9557
2145
7513
9922
5676
4912
5176
4313
5285
7559
1123
3030
3347
1815
6917
9942
2405
41
9202
7504
5316
9859
1221
318
1731
6495
8687
5580
6640
2887
5517
4493
1107
4342
1540
7056
1947
8816
9080
1164
3328
9987
7259
573
7138
3445
2246
4586
1054
3654
8807
6673
4033
2783
592
1772
7041
2908
5154
6435
2312
1052
9451
4150
8080
393
7928
6778
1095
9571
3768
3633
6261
5810
6746
598
6051
1313
7262
8870
1328
5839
905
2383
5885
5994
6708
4112
9621
3878
5824
3695
453
6350
4264
5573
4791
8176
7585
1607
355
4613
8500
3966
2282
4930
9271
9037
8393
562
9432
3680
8906
2945
2898
3114
1207
7300
8702
4189
6059
7088
9675
769
5282
5541
3232
7549
2263
8227
5411
8954
4429
3234
9334
8213
1872
1061
363
3930
4400
9775
2649
4003
7039
2842
6277
8311
2713
3595
8321
8694
7247
8588
180
1331
1677
4590
2242
450
597
5263
9857
3032
2519
8476
4160
7847
1106
2862
1345
5777
7452
2119
4766
5776
9487
2392
8701
5203
6873
4633
7328
897
9683
1776
1058
7091
5789
3559
6474
6581
402
904
6337
2107
5672
1211
8753
1557
5856
6881
5739
6723
8112
5649
9512
5348
1316
4751
5382
231
7494
3594
9921
3771
5978
2558
653
6706
8849
6293
2962
1357
3409
4320
1023
8028
7375
9161
9867
8704
8193
5061
1515
7631
5717
7855
3624
7691
191
6267
1260
9727
7074
6457
1558
4502
2803
327
7766
4879
4350
3005
7051
8713
4506
1611
6932
3217
8676
7700
4539
3255
1284
5457
4431
1589
860
8604
6028
8684
1940
2412
6287
2811
1862
6636
8647
9880
4911
4002
9907
1783
2157
6470
8805
4976
3880
3474
9017
2650
394
3138
6222
4291
2508
3020
8524
8017
7779
5804
5512
7957
4029
4582
3998
6016
559
5302
7050
9386
8048
3824
9425
7326
2070
9380
3849
1646
1963
4960
8624
9993
8099
9658
7484
214
2163
7971
8026
3302
1582
8856
7345
3593
776
1508
1237
7613
9094
2479
4846
7914
4134
3012
1491
2955
6020
410
4733
2768
1408
7616
8386
6386
3658
1362
7048
4923
4124
8381
743
5553
4423
9600
1740
1039
2049
2486
9391
6834
6765
4410
2587
3734
4623
1468
6242
2553
485
6071
9138
1739
9929
6436
3656
8217
3214
7727
8712
7617
302
726
9939
8464
7798
800
6138
9130
4004
5251
5443
383
3398
1133
639
388
3356
9529
1802
4067
311
2127
3730
3049
7656
5454
8869
6627
2457
9465
6913
4832
4225
9372
7242
7532
4337
5599
7276
6262
3788
2786
1587
4362
9417
4080
8725
8388
719
8025
8162
3071
7756
110
6833
6611
1182
6900
7565
8791
7062
3794
4049
9314
1162
433
3266
6556
6024
9647
5334
2322
9418
4460
8339
1392
823
4106
2463
3988
7722
9073
5196
4138
9717
495
6498
1463
4663
9847
7710
5368
6153
2129
7264
4300
2177
8930
1910
1479
6582
3423
4619
999
9040
7953
414
9948
630
7782
2738
7709
148
2900
1588
8580
1902
8045
8242
811
3899
4957
8895
3612
4115
5785
9953
9673
2200
5986
5142
94
2823
5626
3814
2925
2406
9034
3106
6298
798
3203
3268
5680
8459
7426
5441
1402
2313
3009
4234
9337
9067
7374
3703
3290
7771
8208
9224
4935
5038
3006
219
3475
6078
9723
4172
7934
7678
268
8494
2679
7623
756
8885
4135
1974
9677
3662
7007
969
705
6576
7574
2911
6014
2092
165
6985
9780
182
5112
7614
7758
5482
2843
2264
1410
846
6728
2477
3553
4205
9918
284
7393
9118
7576
8479
8363
1322
8610
2946
25
7003
3782
8579
8577
9874
5218
5652
5956
9378
9359
4476
9940
3837
6608
6960
9542
7834
7498
6937
1619
4478
9357
3948
2983
9681
9348
1507
1439
9562
6950
7
6923
2388
9325
4477
9800
7790
2658
8030
5845
7387
1764
8003
2827
1778
7193
4179
4010
4370
933
8819
7949
4236
6727
2072
8927
1834
4634
1086
5408
4404
1628
1118
6478
134
1904
9308
1593
5947
8270
1536
2792
4718
3312
5140
1472
1268
5424
438
7829
1566
1376
322
208
7122
385
1403
7287
8451
6975
1475
3377
6604
3489
2978
6416
74
4553
3018
1876
6510
9563
5658
6239
4129
5635
6573
5847
8365
1771
7010
4730
6849
1407
959
5151
540
4939
8251
503
977
8043
1453
3954
90
4125
5497
3927
6547
5012
4443
2876
9552
693
9654
7102
1728
1218
7835
6438
6797
554
3760
406
3909
1342
4038
9140
285
7047
2410
8458
4583
7464
4810
2451
9055
9576
274
2997
9207
1722
827
2128
5020
6424
5547
2000
8680
8410
4377
2672
6813
1959
6624
5871
2375
3026
1030
951
8571
2917
2612
5022
4579
226
7904
5625
8575
1244
4695
8910
6037
1645
3722
4615
4666
3698
1864
6255
1315
9402
1768
6717
8399
7313
1565
5837
4524
815
3584
7356
1098
7166
101
6838
8074
3684
7997
9277
2507
2492
2203
4991
6663
8913
6443
2922
7462
8465
7923
7099
2219
1489
3238
6339
3775
143
9260
9458
2729
9069
2522
1935
2873
9729
8565
4499
1613
8301
5570
4577
288
1550
4473
4672
3334
3075
2401
404
2562
9062
9144
6271
4794
489
3671
3343
2718
8379
6969
5571
1640
3464
1157
9888
9012
890
2644
661
9934
2296
9544
1034
1807
2166
1888
6577
1083
5068
3055
6123
4197
4382
7078
4099
2930
4916
4228
9373
9102
2619
7058
2111
8401
5722
4357
4942
3401
4635
5345
4218
9741
5294
1956
8736
2279
608
7804
5367
5945
7204
1952
9248
5057
4174
128
3177
8118
6626
4383
6820
2929
3924
4091
6786
5107
9548
8332
1553
8650
1278
263
2081
6599
1266
2763
691
3243
5735
6860
8540
4425
7299
8876
2954
5587
4026
5870
4698
6348
8257
5256
6729
9384
4665
7207
2878
5194
4365
987
5097
1337
1903
7853
6532
946
1978
1254
3129
8599
7800
4100
7845
6387
7987
2146
5857
782
6760
8219
4834
5838
9148
3047
4941
5894
6514
3844
6560
9056
4812
8020
6083
818
687
6000
6558
602
190
9061
2369
9341
8520
6842
8731
1158
1871
5414
6215
1695
4988
4283
3414
6703
2097
1300
8812
9147
3253
6621
2202
8516
9219
6188
139
1995
9593
6707
6237
3572
7437
3705
7546
727
5304
9824
1072
5883
9543
3189
9371
5938
6738
7910
4796
7977
6362
3374
5031
4387
6034
1969
8688
9614
9011
7151
439
3397
4541
4782
7562
2221
5736
1008
3399
3350
7544
5754
3300
701
8905
1810
3854
6758
390
8338
8218
6927
9603
8597
6566
9779
4442
568
1307
4267
9240
7885
2919
8988
8748
8617
3187
3731
625
3215
5385
2069
5881
9315
142
5641
3944
269
6568
4868
173
3726
2257
66
799
4654
671
9653
925
3468
5822
6938
881
3108
7291
2204
3801
5352
9087
9762
9268
8570
7206
8455
1014
1005
1161
360
6041
7950
635
5653
3411
2593
9239
3019
3600
9519
8739
7818
1953
9796
3752
6412
8901
715
14
9101
6099
9618
3677
5434
1729
1110
4520
5228
937
1033
9622
6308
976
8134
1675
1994
9928
1150
5716
6724
7182
3978
896
8638
9588
4804
4778
9283
5445
106
1395
2856
7690
7639
9171
3082
3742
1989
5960
3081
826
8766
5171
641
3848
4441
7244
6299
333
3976
9826
9981
9521
5593
5783
7787
9382
2605
5039
154
5769
5274
3623
1035
2422
1912
2291
2476
4479
4548
5778
7158
8246
7002
4705
3176
698
4671
8896
6983
5231
4522
9478
9496
1650
5083
5220
3085
2950
8878
3208
2339
8521
3843
6533
3357
2292
1893
2496
5502
6487
5759
9526
6821
7155
9225
6351
6895
6815
8024
867
7296
5293
1875
2924
3802
7471
9220
2420
2685
1976
7187
6622
474
5515
4829
9475
578
6039
7433
5466
4490
9739
1720
2525
4156
9860
1822
30
7319
7620
6795
7983
6021
3182
9868
7083
6341
4257
2428
3923
6961
2238
1450
5092
9028
1760
2099
5291
4994
8999
2308
9743
3448
6080
3993
5816
8984
4552
4571
7402
9063
3172
4042
7411
1920
5067
7501
488
4798
8797
6098
674
8343
9428
1950
1079
6683
3713
1137
6402
802
3093
5078
5027
1891
8236
7104
8773
8054
1517
6389
3874
8199
6119
7289
6166
1860
8640
2007
6015
1127
9422
9534
1700
3570
307
2572
7615
7060
1719
4773
9178
4712
1855
3974
1830
9635
6751
4085
8062
3041
2161
4558
9564
1863
8245
7671
8603
670
9917
5420
7423
564
9685
8720
2167
3901
5979
3145
1506
3408
6740
8090
8282
8556
4608
3650
9835
4117
8891
6240
3682
4969
7424
2875
5101
428
2051
3818
9289
1622
508
1879
2036
8531
1930
733
7179
9021
4230
9050
3485
2041
8088
1865
8991
5309
6971
2647
3888
9267
754
5886
3306
9296
4984
7716
2655
8955
2538
6897
349
3565
3237
1866
100
7765
6139
5175
2168
5472
447
2809
7550
8749
8809
1901
5543
273
8060
1630
8351
5330
2989
2676
2668
5192
6096
7896
6818
3036
6103
1073
9068
463
1096
6300
3949
9643
7171
5795
5506
319
1726
6867
392
2731
403
2696
6535
4775
6970
4132
3616
4938
4298
7386
5403
9194
2047
6091
3150
7005
8211
3066
650
1276
3711
8443
3127
9490
1770
8128
9877
859
2086
2435
7369
8792
816
7551
2690
1502
2882
7641
4045
7170
6326
9851
808
9846
9208
2293
796
27
5446
2761
7485
118
9169
4108
8964
3892
9004
6964
645
132
5494
3131
8391
6557
8860
3227
2045
1194
4323
5943
9838
3162
7816
9945
6664
877
3393
4610
3870
6430
801
3506
9728
5988
8473
3543
241
8138
2547
4229
4397
6177
9261
5492
6420
2248
9670
6185
1255
4334
225
7017
4814
3985
5180
6044
4321
5636
4770
232
3636
534
2042
1273
1804
8357
5866
4896
8109
8100
8879
2335
2139
7111
9781
7801
5266
7649
5389
7025
2684
3513
5
2455
1634
4588
8921
3394
7043
541
7906
7828
8058
3089
9963
901
765
8328
5896
3607
4469
6509
1715
2035
8847
6145
7024
6392
2835
7425
7174
4763
7975
347
5096
4739
130
19
4008
482
3096
6256
7342
2438
3946
6214
9320
8402
9032
9795
5271
8924
4169
2838
3392
3500
1272
2556
7571
230
4953
1259
6303
7252
2211
5315
2165
4220
3863
3067
7948
1988
6282
9479
736
9236
3862
8865
1838
6610
3831
6525
5954
6668
1755
1340
3902
8949
9203
9484
5926
9175
8268
422
4748
5450
6371
1951
2154
5070
4005
6075
3395
7459
5003
4101
6306
7097
1434
5794
6238
8368
4450
2669
5355
3355
2298
4943
6551
4601
7917
5201
596
2631
108
5047
2470
2044
680
9213
9311
899
4679
8125
2148
601
1193
6486
8481
6116
2015
8639
4706
8517
5186
1625
6163
2826
9356
5608
9937
397
64
9427
2566
545
1831
178
2681
7938
1818
6605
2353
7986
359
3977
7000
2209
6719
1509
280
9375
6997
2236
7742
6173
8327
6330
1543
2831
579
7666
2071
1416
7098
6799
3514
856
647
5922
9111
513
5205
1585
4190
3420
194
473
6492
6988
8234
409
2151
1584
1688
8051
5513
5854
1292
1198
9349
5767
4738
9811
5629
1730
7357
8405
1805
1304
4066
3929
3701
8362
323
4823
2902
9533
3256
3785
6995
8190
278
7298
6909
8427
840
9761
1782
6126
4587
3728
7257
8682
915
5199
7129
1188
6266
4034
5275
695
5462
3913
9890
2571
2304
1642
5972
821
57
3275
7514
4445
1465
3418
6465
5272
739
7226
9444
757
6209
5642
4606
5906
4312
8722
4039
4351
7689
4849
4188
5342
4819
9682
5612
4116
6634
260
5064
6321
6315
2361
8
2883
3981
3896
8033
9700
1560
3587
9815
623
3986
9687
5697
2589
8173
7384
4869
3891
7951
9961
6531
6193
9742
2512
2935
9520
7820
3827
4170
4449
451
5831
6312
4551
3881
9488
3875
5300
59
5579
2251
547
6481
174
166
3796
3118
7147
9747
5797
3727
5706
8468
9738
9128
2663
8492
6347
2461
6752
9470
8432
8918
9411
784
3209
6167
7380
2863
2848
8063
5237
4676
7070
7963
2774
857
5204
7721
5418
2310
6869
4095
6536
6250
8980
5851
5006
6986
1291
2695
5421
2793
4656
4128
9480
6160
7960
2021
6684
761
4022
7052
9703
3308
5402
4089
1693
4570
4965
4625
4500
6713
3826
9596
2067
2415
5440
5872
4303
4036
6354
7730
1699
6391
6519
2542
3975
9977
786
5225
1216
4389
7256
8587
7288
2585
3980
6279
5692
4437
3841
983
4891
3622
9043
9498
885
1661
2030
1620
1801
5108
7116
8071
1136
486
9025
1504
7388
5527
1016
1092
6307
8677
9241
2565
6112
8642
4690
8096
1601
4186
8525
6843
3223
2356
3592
2181
6892
9474
8120
5836
344
2223
2910
5840
5062
2101
4909
2330
853
8691
2286
8961
461
5734
9019
5596
9805
65
529
6461
5698
124
1983
6656
523
9229
7735
3591
9909
1044
1191
5124
5651
1848
9455
79
4037
1343
2207
8375
3931
5805
7993
8716
2029
6355
4346
7413
5569
8733
2546
3272
3035
8453
8806
4758
9688
7482
2098
4670
3229
9770
5916
2942
760
9580
2800
7924
7569
5997
1744
6278
9165
7087
5792
2554
1146
4376
1759
7428
982
206
7284
9573
2524
6771
4052
8312
2430
972
5001
6722
7093
4238
4326
2550
9782
1780
3044
8174
7401
8290
8685
4224
7290
7698
2334
2691
4975
1933
5999
2453
2502
6480
3059
6650
9636
6456
9162
2931
3221
9053
2802
9440
5191
8010
6095
5583
458
7199
8503
6189
7273
6148
3325
783
3903
5448
4314
6957
7362
879
3185
581
5762
9792
9084
4742
4231
5336
4055
5069
4599
6462
7832
4871
2937
2488
3602
1897
845
6716
8664
8751
1021
4505
9305
9265
3336
944
3861
6800
4564
1985
2489
655
6721
2466
7637
6918
1652
4419
44
9228
4068
3675
5023
8535
4547
9651
4121
7306
1070
4246
7399
3823
913
1668
6949
6396
8510
9808
7084
6483
330
6027
3895
7169
1527
5772
1496
8836
2836
8056
1427
2748
4674
3774
144
8925
1436
1325
535
3718
7770
5158
993
5486
3279
4056
1288
8936
3877
1454
1372
3386
9631
364
6170
3164
724
7871
4012
6631
9769
6324
7764
1355
8497
5976
9313
2722
5289
1422
8862
7726
4452
1684
6526
947
7851
2134
3152
2320
1713
6936
8318
4880
367
7961
5849
863
1709
2726
1714
2255
7712
9115
7857
4813
7152
2235
56
9045
1638
1381
5841
2618
210
249
5210
2532
4750
5082
9744
4211
6397
7807
3597
7429
3192
9099
6023
5183
4543
1455
6929
8985
163
5209
9943
5267
2096
8277
1050
5025
5375
9662
6305
3063
6672
9273
1598
9508
1369
2859
3994
903
2403
2193
138
493
3762
418
970
1359
3216
5123
9926
3335
2510
2143
7142
9132
8601
682
3691
8059
8152
1882
4618
8656
6899
7535
4025
1499
2306
9003
5357
8485
792
4865
1213
7629
6394
2599
9369
6281
2295
7250
1842
8528
5891
723
5937
6463
6616
3051
1102
5989
7952
2965
2321
8149
5613
3970
9735
3544
971
6451
4455
2338
7040
6814
4032
8547
3167
3906
6252
150
9632
9071
9153
3647
5753
1826
3402
7246
1404
5247
5951
3017
8950
8864
9082
6737
4148
2474
8076
4470
9363
9628
1093
1942
2764
6427
8837
4501
8613
4061
8158
5102
7107
5900
427
3280
5143
5119
2721
4050
6449
196
4208
6164
8061
8619
4723
8889
4043
8367
5963
3010
8488
6149
1929
6434
1898
8946
8852
157
1206
9638
9010
4538
974
5000
5996
4293
137
7659
2535
250
2174
4699
31
7474
5817
7809
3777
5202
1967
5765
3102
3143
2709
6107
431
3095
9804
916
8881
153
6940
6825
4614
1603
5041
1654
1088
2341
5276
2939
3683
4655
9258
9329
1036
4468
6054
1859
6144
4163
8183
6858
931
5864
9135
1900
3723
6263
5447
4136
1415
3845
5329
9828
3620
4244
8648
5265
3069
5234
2016
8035
921
8121
5823
8315
8298
1217
4113
6653
3144
6269
2943
9962
2089
7418
4453
7320
261
1522
8693
3133
6068
1529
6559
2610
1105
6901
6270
5519
411
1022
4693
4331
742
7636
6388
5059
8032
6038
9609
5229
8279
1999
8732
4019
789
9385
9591
3315
243
3086
8360
1844
4396
3262
7348
5135
6691
8937
9979
1616
3024
1567
5320
4259
1169
5594
5659
5708
8330
9246
4508
849
2805
146
5438
2381
7796
5384
8499
3320
7575
9353
5803
136
532
5214
4839
2046
1704
2450
1523
7717
7211
5962
3091
3200
9251
7453
9466
6162
5665
60
7542
1957
1203
7805
7527
8947
1927
93
5063
8783
3383
9264
2656
1059
6517
9284
4075
8142
5939
382
5288
6390
282
8163
6473
9834
1926
2424
3294
4561
4563
2529
8111
2739
2744
5340
5363
7946
6687
6146
6445
9968
3188
9243
4717
3254
4902
8675
2777
270
9
2752
1303
8267
9932
4286
2001
21
2520
5681
5518
8972
9755
2150
1828
8016
6325
8709
303
317
3971
1375
3043
6785
3098
3309
1323
6118
5127
3790
6097
1793
2640
9565
301
6029
9319
28
3524
2462
6563
3932
4261
3740
1533
7518
3893
4913
9367
5084
5152
5163
1409
7830
4325
1082
7148
9954
1500
1579
1344
4754
9143
4035
2514
8135
9896
1148
1444
2172
5981
8085
7027
2986
8583
618
3692
9274
9503
7317
2971
8813
8286
5179
1007
8557
7293
1602
9222
8254
5118
1235
5897
8841
5493
6934
8046
502
5212
6679
932
7759
7606
228
3748
5793
7255
7109
3766
4883
8670
4596
4040
91
7672
6658
8608
2956
9155
117
3779
5478
1140
6216
6808
9664
3883
7608
3353
6200
3023
9801
1790
8506
5966
8145
6374
8559
396
8008
589
2801
5125
6507
3644
9551
8606
167
9870
8117
5568
7475
5557
1417
5111
2198
9985
1618
1040
5365
6224
5168
4707
2773
9637
519
9667
6764
4772
7944
6426
2436
2834
2757
4213
5338
8962
2670
8057
7586
1440
3725
9486
9007
1097
8337
449
1966
7844
5917
4147
11
2025
9807
4835
5936
1599
4936
3872
4507
4727
3224
6079
2604
2686
3851
3196
4657
4149
3815
7719
6595
8419
1053
4062
5949
4081
8537
4651
5052
9355
2611
8563
5724
7400
8031
3258
7137
8159
5746
8974
39
6745
3566
8533
4771
1889
1667
1971
415
5598
441
1063
1087
7406
8097
7519
2117
1448
7646
1488
7125
6168
7974
4641
1948
829
2918
9668
1139
3505
2365
2530
8425
689
4784
9152
9044
6405
9481
8448
4338
3613
6645
8355
8475
1155
2399
2961
7555
9998
1946
8740
1251
8941
7941
5016
3907
9829
7846
5714
4837
4164
4451
432
5429
9812
2998
714
5444
3482
8802
4746
4001
7959
4381
2125
6217
8586
806
872
7412
3415
1437
8723
6992
5018
2759
8637
2283
4545
4268
9758
3201
1279
7359
7476
1854
9238
6208
186
8070
3457
3758
5311
4074
536
9191
4122
469
8967
6455
882
297
378
637
4885
50
3226
6198
9594
5249
9439
1067
5436
5526
7461
3338
7310
3013
6942
3452
1981
4877
2170
6674
9233
7684
2112
62
2501
5728
7990
3218
894
2278
3083
1679
3829
9856
6898
3653
666
6864
1905
9876
315
9629
7705
8653
4697
6503
2469
7432
3158
9106
2628
3368
2959
709
7523
6082
84
4413
8250
8965
5299
8009
1484
5975
6789
4422
9736
539
6109
3995
8987
237
9994
7054
3438
2711
9291
7607
6907
5850
4962
4178
4776
6248
9449
1368
3295
6206
5040
1414
4853
6485
7481
9679
7153
1178
2495
4660
497
4044
276
7503
732
320
1285
7349
5280
9031
5910
2252
8993
5748
8550
3101
6734
5115
2182
7260
1495
9090
391
2364
1916
6484
426
700
7336
8382
5422
8006
5399
6186
9346
9035
8882
7227
6851
4157
3809
8248
9788
1737
6338
2753
6782
3284
2225
8618
6542
5358
3271
3606
6696
9259
7184
2787
5830
8269
9848
83
2869
6356
4573
7168
6472
1626
962
3199
7254
454
5970
500
3754
3042
6915
8294
5157
3110
8951
5259
416
283
3068
2790
1666
2617
2260
3665
8447
2897
9714
3704
4328
7079
5848
1470
9472
9066
961
8414
3689
1648
1812
6476
6894
4137
6432
5959
1339
6603
683
6924
6121
5094
3378
7068
9656
9971
7539
5726
874
2266
9722
5406
4368
2059
7018
3125
6635
4057
4873
3648
5985
2368
869
2188
6410
4076
2894
5350
4463
2568
2933
1099
9883
2603
1908
312
8969
3950
4899
9984
3651
8989
376
7702
8320
3793
472
2674
216
5682
5461
9850
4380
8324
5172
6998
3673
7908
7510
6180
42
4973
3750
2245
9119
9579
3556
1913
7337
4242
6928
9461
6133
5246
1750
1827
7969
571
6031
4168
6444
7752
289
9719
5104
8077
5763
2317
6753
2694
3179
6571
6639
2178
7681
2845
1232
3007
4131
5505
8590
5576
2499
4925
6178
1884
1549
4682
3213
3310
9093
6035
9854
876
23
7740
1277
2027
4691
825
4602
92
7587
6877
2600
1572
2626
553
6464
9721
5507
924
1702
5170
2053
3922
9460
2105
1197
6203
1516
7856
3588
6061
4807
5233
8727
1126
8666
8935
9401
2439
1986
5958
6018
6223
5933
3317
9511
8075
6122
6600
8515
507
4857
5991
3139
4409
5190
2844
126
4374
5782
4964
7976
9982
7686
1562
3305
8522
7194
1195
2224
2432
5925
292
9424
7728
5802
9462
8348
9145
3784
5295
2050
16
4643
9889
9393
6593
9316
5469
234
5049
9445
9707
1215
7240
2737
3832
668
8868
8781
9947
2395
2727
5032
5715
6872
8737
8371
5423
4412
4944
5582
9999
1890
440
115
254
8486
3873
6190
2487
3599
6572
478
7330
906
6353
5890
5359
3174
4373
4284
8695
1847
2991
7784
5756
248
9661
7723
772
8572
3021
7525
9842
1928
8718
8372
8172
3241
9076
9471
8997
1676
1078
54
9184
750
3311
2333
2183
8543
766
4015
1184
8844
4434
7071
4430
6187
4496
7480
3637
9189
3450
3493
3491
749
1970
5647
1219
1153
8858
7346
1685
4379
7458
1282
8592
7935
9818
4580
7570
4394
8683
5236
2639
9841
2615
2702
4270
121
1085
7601
7198
1042
6921
2760
6382
9504
6596
7927
4684
7882
36
9404
3367
96
125
3194
1571
9745
6213
5456
5164
7197
8785
5050
6953
6025
5215
2080
2808
4167
7862
6982
9560
4438
8750
6359
7619
4797
2576
1473
7502
5990
3249
2697
1591
9212
7695
4737
831
3053
7327
8774
7292
2531
4631
7245
1633
7324
8361
4661
6853
8782
5904
1992
3702
5219
5437
953
5942
9988
8345
992
1385
7020
9127
6132
6141
7999
1335
4372
763
264
7592
2815
4107
9645
8808
6007
9840
1209
9290
2233
6804
1031
6615
6494
7136
9690
6847
1128
5395
9760
3655
1026
5452
8752
2131
9324
4948
6290
7860
8776
3961
1246
365
9406
2074
3938
9559
4271
5787
803
3228
7930
201
5372
9001
4533
4959
3759
9437
2632
662
2110
2646
6810
5941
3696
2249
2877
2232
8463
2767
2013
111
8322
3441
813
1701
189
2079
4536
2100
2596
5832
4269
930
1247
6046
2880
5633
3627
5391
6070
6704
9170
2592
88
6518
5074
3458
1786
2637
5973
4428
6258
7456
5090
7253
9684
5017
2326
1080
5671
4109
3307
3956
1895
2005
4358
9912
648
5808
7404
9332
4018
6452
7875
2464
8420
1752
4420
9134
5185
9249
316
3128
9146
4416
3400
7595
6057
2419
6787
6910
619
4185
159
7334
797
3890
5940
3571
9110
1925
9567
7354
6543
1767
7577
5286
5702
7630
7581
7506
4898
5066
6505
8232
6933
3369
8609
6318
587
1643
3120
389
8558
5383
9946
6552
2004
3960
3267
1365
8440
9206
8564
8507
452
5349
7912
1653
4932
9416
8204
1179
3808
8319
3372
606
4905
7891
7347
498
6008
6515
1962
8667
1091
6365
1894
1610
5269
1000
9336
8651
3186
9113
9026
5007
6409
7115
2208
926
339
2849
785
3681
9671
6102
4054
838
9957
395
3858
3839
4569
8129
8346
6854
5628
6705
4492
1592
1326
7265
8288
72
7444
8724
9242
1635
6231
3057
5178
718
6
5740
8959
6273
9955
4237
3520
1615
5932
1380
2886
2513
7032
5261
6732
3204
9235
7192
1143
2544
1274
1341
7478
5948
1687
5376
2429
1781
8945
4732
77
7090
1597
9787
4458
6832
2974
8770
9046
1711
8191
8952
7016
4897
5721
8278
6876
3251
1856
7154
4392
8665
4471
854
2634
2816
71
688
2578
5144
5002
5326
5362
3417
1736
7279
2093
8412
9620
1166
9590
5351
7133
9429
1222
4592
6183
9892
5252
2569
7889
476
7852
4685
1045
6962
443
3104
8435
4421
8657
7529
1210
690
3483
3080
6229
1305
6415
2037
7926
8203
5758
8316
3795
5998
3492
7077
8314
1442
5496
1608
2782
2851
8110
9869
4637
2377
9949
6772
9958
6327
384
4273
7866
6861
6349
9210
3349
3
834
6659
4900
4330
8197
7213
3117
3918
2947
8274
7706
3603
5378
6017
5662
2870
6890
4999
1405
7817
7085
75
9330
9750
7704
777
4180
8281
2648
7033
2480
9448
5095
8042
7065
9676
7427
9855
6555
5413
6247
6675
5005
3424
3230
5711
2747
6236
2526
8940
7929
1275
9538
5310
9120
5752
9913
8216
5537
1958
543
3914
2940
5533
7329
3905
308
7495
9830
2349
2144
253
8995
2138
5504
1490
8434
6553
255
3910
7108
8780
5858
2641
3840
7548
1637
6984
8238
9886
2820
3371
7181
8212
8681
3410
3422
2491
8845
1379
4653
2066
6013
4519
9253
4202
8442
334
200
7367
703
1075
3580
2239
2267
8971
9816
8091
4335
6637
6715
1548
1899
9806
1511
4077
4987
6744
2137
9878
6698
6710
2039
1226
5114
1538
3324
6417
1168
6334
2734
1062
8259
4276
7812
2331
2446
2034
600
3546
2712
2821
7789
6883
5415
1010
1788
9292
1424
6399
7031
7394
5148
7212
5510
7746
5319
2431
6316
8403
8421
7799
1481
6633
8848
2244
1664
548
3857
2829
7141
5909
3707
9790
4279
9482
7405
5644
5516
5464
4155
8398
3720
1870
53
5325
5545
7134
1361
9230
3604
4779
5654
9420
8548
2289
1201
8829
2213
7507
9376
7029
4572
4793
2355
4126
7173
4755
247
3156
3478
2533
4065
127
2988
2398
8215
2905
1939
1774
3004
2120
3984
1298
5561
8867
2026
6032
490
6688
1691
3549
3449
4980
1530
4088
2608
2813
4700
81
6678
6151
5162
6077
4764
3879
6301
8233
471
5058
1
5914
5004
2240
1163
6630
1038
4023
309
5404
5670
7520
4609
295
2217
4704
4092
8696
9941
272
8256
5076
51
533
3825
2380
5364
3919
1852
8826
2171
8983
1187
8072
6545
9556
4114
964
7530
3982
7445
1980
1351
8511
3313
8756
5725
9200
7893
3434
6373
7118
6058
3979
8433
657
1109
2147
1324
8834
3031
470
2814
9607
7233
8185
9352
6718
1060
7769
7978
5806
819
2588
4954
9198
1519
2485
8226
4322
2853
6999
6564
5920
7749
7693
2861
9885
4142
6931
7073
2123
9844
9492
4594
9759
6628
2234
537
8374
12
9974
3578
6191
7573
5284
4210
5564
5488
3660
67
7568
8596
3769
374
2033
1921
7913
2874
2629
6865
3388
9030
805
3480
7512
7378
5412
6411
7688
4058
8038
2624
7806
6661
1486
7864
336
3527
5952
4385
8369
4874
3577
8970
678
3763
7234
3992
8449
1132
9495
1881
2622
462
5381
9244
2247
4620
4495
2169
8132
2010
9863
8600
7477
7505
996
9793
1766
5955
4295
2254
6963
7897
1460
4736
8231
3598
8568
9956
6385
7044
2452
2536
357
3040
3444
3340
4767
7237
5021
7775
9287
3291
9802
9561
6790
3749
1514
862
1581
4759
46
4426
9392
8939
8652
6108
633
1918
2799
3645
6358
4581
9361
9501
9528
4803
5835
7556
4339
5723
4447
5037
5051
8261
7382
6076
3008
7668
9288
9952
7066
9323
7150
8978
7205
342
7396
2970
8922
4281
4567
6284
9079
8738
2357
3297
7761
7410
1464
3011
3751
1377
2133
7561
3061
4867
5116
8948
8938
8426
4302
9116
9340
8661
5961
7772
3073
9914
5407
4516
8201
3002
7241
9232
8068
7119
6620
6591
4181
4498
4097
325
3987
9459
262
135
943
9089
7919
2705
604
5431
2467
1117
2500
3112
3288
7460
2833
7584
665
6766
9608
5869
5398
3465
2795
3811
5103
9931
287
1798
8423
6425
5177
6880
5511
1234
5428
5588
8189
1241
9899
1352
979
2906
